Country,Mask: (1/1/20 - 3/16/20),Quarantine: (1/1/20 - 3/16/20),Symptom: (1/1/20 - 3/16/20),Donald Trump: (1/1/20 - 3/16/20)
Eritrea,,,0.24,0.76
Hong Kong,0.63,0.10,0.23,0.04
Libya,0.10,0.00,0.85,0.05
Bhutan,0.19,0.06,0.61,0.14
Anguilla,0.22,,0.59,0.19
Singapore,0.51,0.07,0.29,0.13
Paraguay,0.05,0.08,0.81,0.06
Montserrat,,,0.68,0.32
Jordan,0.10,0.01,0.79,0.10
Syria,0.06,0.00,0.88,0.06
Eswatini,0.07,0.01,0.65,0.27
Grenada,0.10,0.03,0.63,0.24
Iran,0.24,0.04,0.53,0.19
Dominica,0.17,0.04,0.67,0.12
Sudan,0.07,0.00,0.86,0.07
Marshall Islands,0.14,,0.58,0.28
St. Lucia,0.11,0.04,0.63,0.22
Thailand,0.35,0.00,0.63,0.02
Jamaica,0.10,0.05,0.68,0.17
Solomon Islands,0.12,0.04,0.56,0.28
Gibraltar,0.15,0.04,0.68,0.13
Palestine,0.10,0.01,0.77,0.12
Guernsey,0.17,0.02,0.70,0.11
Cuba,0.04,0.01,0.56,0.39
Yemen,0.04,0.00,0.87,0.09
Panama,0.09,0.03,0.75,0.13
Saudi Arabia,0.14,0.01,0.78,0.07
Faroe Islands,0.15,0.02,0.64,0.19
Papua New Guinea,0.10,0.02,0.62,0.26
Ireland,0.16,0.01,0.57,0.26
Trinidad & Tobago,0.19,0.02,0.62,0.17
Belize,0.12,0.02,0.64,0.22
Guyana,0.16,0.04,0.68,0.12
St. Kitts & Nevis,0.10,0.04,0.64,0.22
United Kingdom,0.20,0.02,0.61,0.17
Nicaragua,0.08,0.02,0.79,0.11
United States,0.13,0.02,0.40,0.45
St. Vincent & Grenadines,0.14,0.06,0.60,0.20
Philippines,0.38,0.05,0.53,0.04
St. Pierre & Miquelon,0.27,,0.59,0.14
Puerto Rico,0.14,0.02,0.64,0.20
Canada,0.15,0.02,0.40,0.43
Seychelles,0.13,0.04,0.65,0.18
Bolivia,0.10,0.03,0.81,0.06
Honduras,0.08,0.02,0.79,0.11
Taiwan,0.09,0.24,0.62,0.05
Jersey,0.16,0.02,0.62,0.20
Sint Maarten,0.10,0.03,0.54,0.33
Costa Rica,0.08,0.02,0.76,0.14
Isle of Man,0.18,0.01,0.60,0.21
Cape Verde,0.19,0.03,0.65,0.13
Oman,0.16,0.04,0.68,0.12
Kuwait,0.22,0.04,0.63,0.11
El Salvador,0.07,0.08,0.75,0.10
Italy,0.21,0.08,0.64,0.07
Northern Mariana Islands,0.23,0.05,0.50,0.22
Macao,0.37,0.14,0.42,0.07
Egypt,0.13,0.01,0.81,0.05
Curaçao,0.14,0.02,0.61,0.23
Japan,0.07,0.01,0.89,0.03
Cayman Islands,0.14,0.05,0.43,0.38
Lebanon,0.18,0.03,0.61,0.18
Guam,0.23,0.04,0.48,0.25
Bahrain,0.27,0.03,0.57,0.13
Cook Islands,0.18,,0.33,0.49
Micronesia,0.11,0.21,0.49,0.19
Namibia,0.10,0.02,0.67,0.21
Finland,0.09,0.05,0.72,0.14
Suriname,0.13,0.02,0.73,0.12
Barbados,0.12,0.02,0.52,0.34
Qatar,0.24,0.05,0.57,0.14
Norway,0.14,0.10,0.59,0.17
San Marino,0.23,0.08,0.62,0.07
Aruba,0.15,0.04,0.49,0.32
Equatorial Guinea,0.08,0.05,0.67,0.20
Brazil,0.17,0.01,0.75,0.07
Mozambique,0.09,0.04,0.74,0.13
Maldives,0.25,0.09,0.54,0.12
Bermuda,0.14,0.02,0.47,0.37
Algeria,0.12,0.01,0.82,0.05
U.S. Virgin Islands,0.16,0.02,0.43,0.39
United Arab Emirates,0.28,0.04,0.53,0.15
American Samoa,0.13,0.07,0.48,0.32
Falkland Islands (Islas Malvinas),,,0.50,0.50
Portugal,0.29,0.06,0.56,0.09
Bahamas,0.12,0.03,0.50,0.35
Zimbabwe,0.07,0.01,0.63,0.29
Palau,0.14,0.11,0.39,0.36
Malta,0.23,0.10,0.55,0.12
Turks & Caicos Islands,0.16,0.04,0.45,0.35
Montenegro,0.20,0.03,0.69,0.08
Australia,0.26,0.02,0.48,0.24
Botswana,0.13,0.02,0.61,0.24
Poland,0.18,0.06,0.71,0.05
Guatemala,0.13,0.03,0.74,0.10
South Africa,0.16,0.02,0.61,0.21
Spain,0.10,0.05,0.77,0.08
Bosnia & Herzegovina,0.24,0.02,0.69,0.05
Gabon,0.21,0.02,0.65,0.12
Iraq,0.11,0.00,0.72,0.17
Mexico,0.12,0.01,0.74,0.13
Peru,0.08,0.04,0.79,0.09
Andorra,0.13,0.05,0.74,0.08
North Macedonia,0.22,0.03,0.66,0.09
Cameroon,0.14,0.01,0.67,0.18
Vanuatu,0.14,0.08,0.58,0.20
Switzerland,0.17,0.05,0.56,0.22
Argentina,0.08,0.06,0.79,0.07
Tanzania,0.06,0.01,0.77,0.16
Mauritania,0.15,0.01,0.73,0.11
Luxembourg,0.17,0.05,0.58,0.20
Nepal,0.21,0.03,0.66,0.10
Sweden,0.16,0.04,0.62,0.18
Angola,0.11,0.04,0.71,0.14
Ecuador,0.10,0.04,0.78,0.08
Fiji,0.13,0.03,0.64,0.20
New Zealand,0.21,0.02,0.45,0.32
Antigua & Barbuda,0.17,0.03,0.56,0.24
Caribbean Netherlands,0.18,0.03,0.51,0.28
Chile,0.11,0.03,0.78,0.08
Lesotho,0.12,0.02,0.67,0.19
Dominican Republic,0.08,0.03,0.73,0.16
Belgium,0.18,0.04,0.63,0.15
Liberia,0.04,0.02,0.62,0.32
Ghana,0.08,0.02,0.69,0.21
Liechtenstein,0.11,0.03,0.56,0.30
Netherlands,0.15,0.04,0.63,0.18
Zambia,0.08,0.02,0.68,0.22
Svalbard & Jan Mayen,,0.23,0.54,0.23
Turkey,0.38,0.04,0.54,0.04
Denmark,0.18,0.06,0.58,0.18
Indonesia,0.57,0.01,0.39,0.03
Hungary,0.23,0.08,0.63,0.06
Greenland,0.28,0.03,0.53,0.16
Croatia,0.28,0.04,0.61,0.07
St. Martin,0.20,,0.51,0.29
Timor-Leste,0.25,0.02,0.67,0.06
Uruguay,0.09,0.04,0.76,0.11
Germany,0.15,0.07,0.59,0.19
Kenya,0.10,0.03,0.65,0.22
Colombia,0.09,0.03,0.79,0.09
Guadeloupe,0.24,0.01,0.57,0.18
Tonga,0.17,,0.54,0.29
France,0.25,0.04,0.59,0.12
Djibouti,0.17,0.03,0.56,0.24
Venezuela,0.24,0.01,0.65,0.10
Martinique,0.24,0.03,0.57,0.16
Brunei,0.45,0.04,0.40,0.11
Malawi,0.10,0.02,0.54,0.34
Åland Islands,0.12,0.06,0.54,0.28
Austria,0.16,0.09,0.60,0.15
Serbia,0.34,0.02,0.59,0.05
Tunisia,0.26,0.03,0.64,0.07
Morocco,0.17,0.03,0.71,0.09
Romania,0.32,0.07,0.53,0.08
British Virgin Islands,0.10,0.07,0.48,0.35
Haiti,0.12,0.03,0.59,0.26
French Guiana,0.33,0.04,0.53,0.10
Nigeria,0.07,0.02,0.61,0.30
Réunion,0.27,0.03,0.57,0.13
Malaysia,0.44,0.03,0.46,0.07
São Tomé & Príncipe,0.22,,0.51,0.27
Congo - Brazzaville,0.14,0.01,0.52,0.33
Mauritius,0.24,0.06,0.56,0.14
Moldova,0.33,0.07,0.54,0.06
China,0.30,0.11,0.33,0.26
South Korea,0.19,0.02,0.70,0.09
Ethiopia,0.10,0.01,0.65,0.24
French Polynesia,0.23,0.03,0.51,0.23
Western Sahara,0.14,0.03,0.77,0.06
St. Helena,0.22,0.05,0.46,0.27
Cyprus,0.28,0.06,0.54,0.12
Gambia,0.12,0.04,0.57,0.27
Bulgaria,0.44,0.04,0.45,0.07
Guinea-Bissau,0.09,0.10,0.63,0.18
South Sudan,0.04,0.02,0.57,0.37
Samoa,0.12,0.16,0.50,0.22
Somalia,0.11,0.01,0.68,0.20
Laos,0.30,0.01,0.61,0.08
St. Barthélemy,0.27,0.12,0.43,0.18
Latvia,0.27,0.06,0.56,0.11
Israel,0.28,0.03,0.53,0.16
Pakistan,0.24,0.04,0.61,0.11
Mayotte,0.20,0.06,0.59,0.15
Russia,0.40,0.12,0.44,0.04
Comoros,0.31,,0.50,0.19
Uganda,0.07,0.02,0.51,0.40
Niger,0.14,0.01,0.62,0.23
New Caledonia,0.24,0.03,0.54,0.19
Belarus,0.42,0.05,0.48,0.05
Ukraine,0.34,0.25,0.37,0.04
Chad,0.09,0.04,0.62,0.25
Iceland,0.22,0.05,0.46,0.27
Estonia,0.27,0.04,0.53,0.16
Togo,0.11,0.04,0.54,0.31
Kazakhstan,0.46,0.05,0.42,0.07
Senegal,0.18,0.03,0.58,0.21
Lithuania,0.45,0.09,0.39,0.07
Madagascar,0.24,0.02,0.50,0.24
Benin,0.14,0.04,0.62,0.20
Turkmenistan,0.42,0.03,0.47,0.08
Kyrgyzstan,0.46,0.05,0.42,0.07
Burundi,0.05,0.05,0.54,0.36
Afghanistan,0.22,0.02,0.44,0.32
Slovenia,0.36,0.07,0.45,0.12
India,0.23,0.03,0.55,0.19
Côte d’Ivoire,0.19,0.02,0.55,0.24
Rwanda,0.09,0.02,0.52,0.37
Sierra Leone,0.07,0.01,0.52,0.40
Congo - Kinshasa,0.13,0.02,0.55,0.30
Cambodia,0.43,0.03,0.40,0.14
Azerbaijan,0.34,0.05,0.52,0.09
Mongolia,0.57,0.05,0.26,0.12
Vietnam,0.43,0.02,0.49,0.06
Central African Republic,,0.11,0.61,0.28
Kosovo,0.26,0.04,0.50,0.20
Albania,0.43,0.05,0.37,0.15
Myanmar (Burma),0.41,0.03,0.43,0.13
Burkina Faso,0.12,0.02,0.58,0.28
Sri Lanka,0.37,0.06,0.45,0.12
Slovakia,0.56,0.15,0.17,0.12
Guinea,0.08,0.03,0.53,0.36
Bangladesh,0.31,0.03,0.54,0.12
Tajikistan,0.34,0.08,0.46,0.12
Armenia,0.43,0.04,0.41,0.12
Uzbekistan,0.43,0.05,0.41,0.11
Czechia,0.47,0.21,0.16,0.16
Mali,0.14,0.02,0.49,0.35
Georgia,0.40,0.04,0.42,0.14
Greece,0.47,0.10,0.22,0.21
Antarctica,,,,
French Southern Territories,,,,
Bouvet Island,,,,
Cocos (Keeling) Islands,,,,
Christmas Island,,,,
Heard & McDonald Islands,,,,
British Indian Ocean Territory,,,,
Kiribati,,,,
Monaco,,,,
Norfolk Island,,,,
Niue,,,,
Nauru,,,,
Pitcairn Islands,,,,
North Korea,,,,
South Georgia & South Sandwich Islands,,,,
Tokelau,,,,
Tuvalu,,,,
U.S. Outlying Islands,,,,
Vatican City,,,,
Wallis & Futuna,,,,
